# Created by Octave 3.8.1, Sun May 22 23:43:47 2016 ART <diego@diego-X455LD>
# name: net
# type: cell
# rows: 1
# columns: 3
# name: <cell-element>
# type: matrix
# rows: 3
# columns: 10
 2.600034073882911 -11.02226037330548 2.764720525050384 16.47434843523929 0.6196190824727047 2.169471351213724 -0.9176028903596567 1.317723357264759 2.942915987064042 -1.371836592371297
 0.0342985867199489 0.2031711601700953 0.2441452766075065 21.3453395030194 -0.197368595791251 1.254824545358129 0.594258393446763 0.103890595375607 23.11037780081447 -1.456225280464204
 5.476484603720574 -11.46935548558929 4.781093734798422 12.58636133906696 14.83358046704262 5.49265656532862 -3.276725304757017 4.007662312321626 -17.11473632347456 -6.32994551493229



# name: <cell-element>
# type: matrix
# rows: 11
# columns: 2
 -4.780028684667002 -3.031522347834203
 -7.077758892706818 -8.205531216206651
 13.57141245659567 15.63697621123423
 -5.011692181296317 -4.668483330956924
 4.385639771829525 -1.664065280424138
 -10.40347708767929 -10.55680712026788
 -6.595643483570301 -5.235956987067435
 3.083550752440992 3.286536320462834
 -3.112359804397526 -2.831916623483461
 -4.229697881183222 1.359720663550828
 9.419736628714695 7.867959682365559



# name: <cell-element>
# type: matrix
# rows: 3
# columns: 1
 0.2428388398019644
 13.55033943955816
 -13.36733986867982





