m =

   0.77910   1.87080   0.03080
   1.90400   1.43680   0.00700
  -1.97790   1.63920   0.00260
  -1.30830  -0.65990  -0.15670
   0.18470  -0.37360  -0.66280
  -0.99430   0.57070   0.30930
  -0.99430  -1.84380  -0.02480
  -1.81040  -0.18690  -0.01230
  -1.97790   0.39300   0.01220
  -0.64240  -1.88060  -0.03980
   1.25090  -0.86640  -0.14370
  -0.87800   1.43680   0.11090
  -0.38470   0.00000   0.00000
  -0.87800  -1.10450  -0.22390
   0.57640   1.87080   0.04050
   0.57640   1.85700   0.04640
  -0.38470  -0.97410  -0.58620
   0.92410   1.87080   0.02280
   0.57640   0.75230   0.50440
  -1.81040  -1.72240  -0.00360
   0.92410  -0.37360  -0.28830
  -0.21810  -0.18690  -0.32760
   1.54310   1.43680   0.02210
   1.52810  -0.65990  -0.08050
  -0.87800   0.20420   0.17610
  -0.99430   1.85700   0.02460
  -1.67830   1.43680   0.01580
   0.77910  -0.97410  -0.33150
  -0.99430  -0.97410  -0.23480
   0.36010  -1.10450  -0.49670
   0.77910   0.00000   0.00000
  -1.53500  -0.18690  -0.03690
   0.36010   0.39300   0.58550
   0.18470   1.63920   0.13690
   0.36010  -0.18690  -0.29880
  -0.87800   0.39300   0.29480
  -1.53500  -1.84380  -0.00620
  -0.38470   1.85700   0.05210
  -0.38470  -0.37360  -0.53220
   1.52810  -0.18690  -0.03280
  -1.67830  -1.84380  -0.00390
  -0.21810   1.63920   0.13690
  -0.38470   0.20420   0.31920
   0.18470   1.87080   0.05610
   1.52810   1.87080   0.00600
   1.54310  -1.72240  -0.00880
   0.18470   0.57070   0.80990
   0.00000  -0.86640  -0.70780
  -0.21810  -0.65990  -0.73150
   1.54310  -0.18690  -0.03110
   0.57640  -0.65990  -0.56290
   1.52810   1.43680   0.02580
   0.00000  -0.37360  -0.64000
  -1.30830   1.85700   0.01010
  -0.38470   1.29210   0.28760
   1.52810  -1.84380  -0.00570
  -0.99430  -1.10450  -0.21320
   1.90400  -1.88060  -0.00150
   1.90400   1.29210   0.00970
   0.92410   0.93750   0.27400
   1.52810  -1.88060  -0.00500
  -0.87800   0.57070   0.34250
   0.92410   0.75230   0.34280
  -1.81040   1.29210   0.01410
   0.57640  -1.72240  -0.07640
   0.92410  -0.97410  -0.25540
  -1.67830   1.63920   0.00850
   0.18470  -1.10450  -0.51980
   0.92410   0.00000   0.00000
   1.54310  -1.84380  -0.00590
  -1.81040  -0.97410  -0.02300
   2.06860   1.63920   0.00180
  -1.97790   0.75230   0.01500
   0.92410  -0.18690  -0.15270
  -1.67830   0.57070   0.04940
  -0.99430  -0.37360  -0.21340
  -1.53500  -0.37360  -0.05640
   0.00000  -1.84380  -0.06790
  -0.38470   0.39300   0.61940
   1.54310  -0.97410  -0.05860
   0.57640  -1.88060  -0.03780
  -1.53500   1.29210   0.03460
  -1.97790  -1.72240  -0.00200
  -1.67830   1.29210   0.02090
   0.92410   1.29210   0.16530
  -0.64240   1.63920   0.08690
  -0.21810  -0.37360  -0.54940
   0.18470  -1.26010  -0.37540
  -0.38470   1.43680   0.23380
   1.25090   0.57070   0.15210
   0.92410  -0.65990  -0.35220
  -0.38470   0.75230   0.67000
  -0.38470  -0.86640  -0.62820
  -1.67830   0.00000   0.00000
   1.54310   1.85700   0.00550
  -0.99430   1.87080   0.02200
   0.77910   0.39300   0.33080
  -1.30830   1.87080   0.01030
  -1.30830  -1.72240  -0.01830
   0.18470   0.00000   0.00000
  -1.53500  -1.72240  -0.00930
   0.92410  -1.72240  -0.04290
   1.25090  -0.97410  -0.14020
  -0.99430  -1.26010  -0.14860
   1.54310   0.00000   0.00000
  -1.81040   1.85700   0.00210
   0.77910  -1.88060  -0.02890
   1.52810  -0.86640  -0.06320
  -1.53500   1.63920   0.01210
   2.06860  -0.97410  -0.00910
  -0.38470  -0.18690  -0.30160
   2.06860  -0.37360  -0.00890
  -0.99430   1.29210   0.13860
   1.52810   1.85700   0.00560
   0.77910   1.85700   0.03110
   0.18470   0.39300   0.57610
   1.52810  -0.97410  -0.05910
   1.52810  -0.37360  -0.06690
   1.52810   0.00000   0.00000
  -0.21810   0.00000   0.00000
  -0.64240   0.00000   0.00000
   0.36010  -1.88060  -0.05180
   0.36010  -1.26010  -0.36690
   1.54310   1.63920   0.01280
  -0.99430  -1.72240  -0.04110
   0.00000   0.00000   0.00000
   1.90400   0.39300   0.01760
   2.06860  -1.84380  -0.00090
  -1.97790   0.00000   0.00000
  -1.81040   1.63920   0.00480
   0.92410  -1.84380  -0.02960
  -0.38470   1.63920   0.11400
  -1.30830  -1.84380  -0.01240
   1.25090  -1.10450  -0.10600
   2.06860  -0.65990  -0.01170
   1.54310  -1.26010  -0.03920
   0.00000   0.20420   0.40590
  -1.67830  -1.72240  -0.00640
  -1.53500  -1.26010  -0.03760
   0.36010  -0.37360  -0.54070
  -1.81040   1.43680   0.00930
  -0.21810   1.43680   0.21730
  -1.97790  -0.37360  -0.01380
   0.92410  -1.10450  -0.23010
   0.57640   0.57070   0.53810
  -1.97790   1.87080   0.00110
  -0.21810   1.29210   0.34020
  -1.53500  -0.86640  -0.07030
  -1.97790   0.93750   0.01330
   0.00000   0.93750   0.72180
   2.06860  -1.26010  -0.00530
  -0.64240   0.20420   0.27540
  -0.87800   0.00000   0.00000
  -0.87800   1.29210   0.15970
   1.25090  -0.18690  -0.07530
  -0.64240   0.93750   0.41510
  -1.81040   1.87080   0.00210
   0.36010   1.87080   0.05120
  -0.87800  -1.26010  -0.16280
   1.52810   0.93750   0.07040
   2.06860  -1.10450  -0.00740
  -1.81040  -0.65990  -0.02980
   1.90400   1.85700   0.00170
   1.54310  -1.88060  -0.00560
  -0.64240  -0.65990  -0.56480
   0.00000  -0.65990  -0.73780
   0.18470   1.29210   0.33810
  -0.64240  -0.97410  -0.38260
   0.00000   1.43680   0.24360
  -0.87800   0.93750   0.28570
   1.90400   0.57070   0.01910
  -0.99430   1.43680   0.09600
   1.54310   1.87080   0.00540
  -1.53500   0.20420   0.03330
   1.25090   1.63920   0.02920
   0.92410  -1.88060  -0.02380
  -1.81040   0.20420   0.01480
  -1.53500   0.39300   0.05960
   0.18470   0.20420   0.33890
  -0.21810   0.93750   0.57650
   1.90400   1.63920   0.00380
   0.18470  -0.97410  -0.60240
   1.52810   1.63920   0.01230
   0.36010   0.75230   0.71860
  -0.21810  -1.88060  -0.05050
   0.77910   0.93750   0.36910
  -0.64240  -1.10450  -0.37510
  -1.30830  -0.97410  -0.11040
  -0.99430   0.39300   0.23470
   0.00000  -0.18690  -0.33710
   0.77910  -0.65990  -0.43790
  -1.67830   1.87080   0.00350
  -0.64240  -0.18690  -0.22550
   0.18470   1.43680   0.26450
   0.92410   1.63920   0.05990
   0.92410   0.39300   0.25780
  -1.67830  -0.65990  -0.04650
  -0.38470  -1.72240  -0.08180
  -1.53500   1.85700   0.00570
  -0.64240  -0.86640  -0.49740
  -1.67830  -0.18690  -0.02220
   1.90400   0.00000   0.00000
  -1.30830  -0.86640  -0.13590
   0.77910  -0.18690  -0.21490
  -0.87800  -0.65990  -0.35980
   0.77910   0.57070   0.38810
   1.90400  -0.18690  -0.00860
   0.36010   0.57070   0.74070
  -0.64240   1.29210   0.21620
   2.06860   0.20420   0.00580
  -0.64240  -1.84380  -0.03960
   0.36010   1.43680   0.24120
  -0.21810  -0.97410  -0.61860
   1.90400  -1.72240  -0.00260
   0.36010   1.29210   0.31320
   1.25090   1.43680   0.05380
  -1.30830   1.63920   0.02560
   0.18470  -0.86640  -0.72150
  -0.99430   0.20420   0.15100
   1.90400  -0.97410  -0.01840
  -1.81040  -0.86640  -0.02760
   1.25090  -0.37360  -0.12730
  -1.81040  -1.10450  -0.02140
   0.57640   1.43680   0.16240
   1.54310  -0.37360  -0.06240
   0.92410   0.20420   0.17700
   2.06860   1.29210   0.00530
   2.06860  -0.18690  -0.00530
  -0.99430  -0.86640  -0.25700
  -1.81040  -1.84380  -0.00250
   0.18470   0.75230   0.74160
   0.77910  -0.37360  -0.37230
  -1.53500   1.87080   0.00550
   1.52810   0.57070   0.07090
  -0.99430   0.75230   0.30650
   1.52810  -1.26010  -0.03490
   2.06860   1.85700   0.00090
   1.25090  -1.88060  -0.01230
  -1.30830   1.43680   0.04990
   0.18470   1.85700   0.06410
  -1.67830  -0.86640  -0.04180
  -1.97790  -1.84380  -0.00140
   0.36010  -0.86640  -0.62660
   0.00000   1.85700   0.05640
  -0.21810  -1.26010  -0.33840
  -1.97790   0.57070   0.01640
   0.00000   1.63920   0.14840
   1.54310  -0.65990  -0.06810
  -1.67830  -0.37360  -0.03590
  -0.21810   0.75230   0.75000
   2.06860  -1.88060  -0.00080
   1.90400  -0.86640  -0.02060
  -0.99430  -1.88060  -0.01990
   2.06860  -1.72240  -0.00150
   1.54310   0.20420   0.03530
  -1.81040   0.00000   0.00000
  -0.21810   0.39300   0.60460
