# Created by Octave 3.8.1, Sat May 21 23:09:26 2016 ART <diego@diego-X455LD>
# name: net
# type: cell
# rows: 1
# columns: 3
# name: <cell-element>
# type: matrix
# rows: 3
# columns: 10
 0.8655896584183252 -0.730186674707141 0.6077339604422015 4.328539055978815 -0.2964912994542557 0.6926744817980619 -0.1528396980942762 -0.06381904784672772 -3.305727893335168 -0.298514105553622
 0.484341999547433 -0.2682999239003206 0.529563013519634 6.967964850978767 -7.286695692604571 0.4293788964643263 0.7778368099474396 0.5000907286755044 -0.3752333153342473 0.01774793302216977
 2.807143428443805 -3.343743083869619 1.941915280759033 1.934261028446065 6.666335549746369 2.339291132867401 0.2654913051785591 1.110211526129359 -4.109456144053106 -1.66439073011138



# name: <cell-element>
# type: matrix
# rows: 11
# columns: 2
 -0.1262182601287404 -0.4132571758439585
 -2.685486766644237 -2.030874970108946
 2.312551311800527 3.122155698730015
 -2.013886730573375 -0.9613631881530308
 1.247215879208756 -3.291332836108669
 1.741649808214328 -2.225088433227903
 -2.439926926748304 -1.39890327808145
 -0.7454911614454169 0.2230264353979943
 -1.28099417808201 -0.4369514706128478
 4.563041914212183 5.421290837244848
 1.194762090044571 1.415885560062544



# name: <cell-element>
# type: matrix
# rows: 3
# columns: 1
 0.1409807643989386
 4.652354070816888
 -4.467378107538964





